Chat Natural Language Question Anwering Test

      Test |     Parse Semantics  Planning     Reply     TOTAL
         1 |        17        33         0       100       150
         2 |        17        33         0         0        50
         3 |        50        34         0         0        84
         4 |        34        33        50       500       617
         5 |        33        17        17       100       167
         6 |        50        33         0        17       100
         7 |        33        50        33       184       300
         8 |        50        33        50       117       250
         9 |        83        67        33       150       333
        10 |        66        50        50        84       250
        11 |        33        50        17       200       300
        12 |        83        17        33        17       150
        13 |        67       100        33       183       383
        14 |        33        67        50       583       733
        15 |        34        33        17       233       317
        16 |        50        50        17        17       134
        17 |        83        67        17        33       200
        18 |       150        83        84       933      1250
        19 |       117       100        83       300       600
        20 |        67        66        17       183       333
        21 |        50        67        50        83       250
        22 |        66        34        66      4150      4316
        23 |        33        17        33        67       150
